rank=0, npts =1024, npts_loc=1024, alpha = 0.511500
rank=0, xmin = 0.000000, xmax = 1.000000
1	1024	1.414215e+00	8.716315e-03
