function [nGP,wGP,xiGP]=TriQuadPoints
% here we provide the M=N^2 quadrature points on the triangle for N = 4 
% according to 
%
% A.H. Stroud, Approximate Calculation of Multiple Integrals, Prentice-Hall
% Inc., Englewood Cliffs, New Jersey, 1971. 
%
nGP = 16; 

wGP = [
0.54232259105253E-02;
0.10167259564479E-01;
0.10167259564479E-01;
0.54232259105253E-02;
0.22584049282370E-01;
0.42339724521746E-01;
0.42339724521746E-01;
0.22584049282370E-01;
0.35388067898086E-01;
0.66344216107050E-01;
0.66344216107050E-01;
0.35388067898086E-01;
0.23568368193382E-01;
0.44185088522362E-01;
0.44185088522362E-01;
0.23568368193382E-01 ]; 


xiGP = [
0.86024013565622E+00   0.13005607921683E+00
0.86024013565622E+00   0.93637784437328E-01
0.86024013565622E+00   0.46122079906452E-01
0.86024013565622E+00   0.97037851269461E-02
0.58359043236892E+00   0.38749748340669E+00
0.58359043236892E+00   0.27899046349651E+00
0.58359043236892E+00   0.13741910413457E+00
0.58359043236892E+00   0.28912084224389E-01
0.27684301363812E+00   0.67294686315051E+00
0.27684301363812E+00   0.48450832663043E+00
0.27684301363812E+00   0.23864865973144E+00
0.27684301363812E+00   0.50210123211370E-01
0.57104196114518E-01   0.87742880933047E+00
0.57104196114518E-01   0.63173125164113E+00
0.57104196114518E-01   0.31116455224436E+00
0.57104196114518E-01   0.65466994555014E-01
]; 
